0 0 0 0 0 0 0 0 0 0 0.70710678118654757 0.70710678118654757 0 0 0 0
0 0 0 0 0 0 0 0 0.70710678118654757 0.70710678118654757 0 0 0 0 0 0
0 0 0 0 0 0 0.70710678118654757 0.70710678118654757 0 0 0 0 0 0 0 0
0 0 0 0 0.70710678118654757 0.70710678118654757 0 0 0 0 0 0 0 0 0 0
0 0 0.70710678118654757 0.70710678118654757 0 0 0 0 0 0 0 0 0 0 0 0
0.70710678118654757 0.70710678118654757 0 0 0 0 0 0 0 0 0 0 0 0 0 0
0 0 0 0 0 0 0 0 0 0 0 0 0 0 0.70710678118654757 0.70710678118654757
0 0 0 0 0 0 0 0 0 0 0 0 0.70710678118654757 0.70710678118654757 0 0
0 0 0 0 0 0 0 0 0 0 0 0 -0.70710678118654757 0.70710678118654757 0 0
0 0 0 0 0 0 0 0 0 0 0 0 0 0 -0.70710678118654757 0.70710678118654757
0 0 0 0 0 0 0 0 -0.70710678118654757 0.70710678118654757 0 0 0 0 0 0
0 0 0 0 0 0 0 0 0 0 -0.70710678118654757 0.70710678118654757 0 0 0 0
0 0 0 0 -0.70710678118654757 0.70710678118654757 0 0 0 0 0 0 0 0 0 0
0 0 0 0 0 0 -0.70710678118654757 0.70710678118654757 0 0 0 0 0 0 0 0
-0.70710678118654757 0.70710678118654757 0 0 0 0 0 0 0 0 0 0 0 0 0 0
0 0 -0.70710678118654757 0.70710678118654757 0 0 0 0 0 0 0 0 0 0 0 0
