# x_index original_841_index pi_of_i y_family squared_error euclidean_error order_rank
1 1 178 M1 0.00010553887780500256 0.010273211659700318 56
2 2 305 M1 0.0038353046907549596 0.061929836837787321 559
3 3 689 M2 0.00015337160139262116 0.012384328863229576 74
4 4 177 M1 0.0084056398401600174 0.091682276586917369 613
5 5 363 M1 0.00032529096847920986 0.018035824585507863 185
6 6 118 M1 0.00055399566030239116 0.023537112403657148 353
7 7 318 M1 0.00077989810395212122 0.027926655796069125 428
8 8 340 M1 0.00029994671511052856 0.017318969805116255 164
9 9 313 M1 0.019654434793432436 0.14019427518066649 742
10 10 126 M1 0.00015061633138510941 0.012272584543815921 72
11 11 678 M2 0.03625194087167273 0.19039942455709452 804
12 12 817 E3 0.34030252419518564 0.58335454416262644 834
13 13 144 M1 0.017655167483552031 0.13287274921349385 723
14 14 583 M2 0.0006146669868114683 0.024792478432207384 381
15 15 183 M1 0.00015066075048849459 0.012274394098630473 73
16 16 143 M1 0.0087529295706354465 0.093557092572586112 619
17 17 455 M2 0.0017616064131276625 0.041971495245316938 493
18 18 34 E2 4.4760365913586498e-05 0.0066903188200254328 15
19 19 231 M1 0.00051570375130609541 0.022709111636215439 328
20 20 456 M2 0.0064210247458616407 0.080131296918629996 589
21 21 368 M1 0.013268664798305562 0.11518969050355836 655
22 22 212 M1 0.033469829970446688 0.18294761537239748 798
23 23 315 M1 0.018051502052547248 0.13435587836989957 729
24 24 341 M1 0.018331567381656238 0.13539411871147225 731
25 25 342 M1 0.00055304334949067189 0.023516873718474399 351
26 26 713 M2 0.00062287908592289836 0.024957545671057048 384
27 27 273 M1 0.00067794317906081736 0.026037342012210411 404
28 28 365 M1 0.016043042823572426 0.12666113383186031 697
29 29 314 M1 0.0003777345004787489 0.019435392984932125 221
30 30 467 M2 0.00037935894730087852 0.019477139094355684 222
31 31 360 M1 0.00027017785191017779 0.016437087695518868 142
32 32 321 M1 0.00044382124144170452 0.021067065325804268 270
33 33 732 M2 0.0011729531222211317 0.034248403206881509 467
34 34 809 M2 9.7289535565904203e-05 0.0098635457907338877 52
35 35 695 M2 0.00012426495977952226 0.011147419422427876 62
36 36 199 M1 0.001066783279790152 0.032661648454879802 455
37 37 326 M1 0.014375682150697417 0.11989863281412935 667
38 38 815 M2 0.00017602194802399611 0.0132673263329126 91
39 39 33 E2 5.8341900713294174e-05 0.0076381870043416827 32
40 40 317 M1 0.01798384992430092 0.13410387736490292 728
41 41 320 M1 0.00022131598868194521 0.014876692800550304 114
42 42 225 M1 0.015206813760994546 0.12331591041303043 685
43 43 469 M2 0.00039844877270373474 0.019961181645978144 233
44 44 325 M1 0.0066843965650188221 0.081758159011922613 591
45 45 137 M1 0.00064872145483695011 0.025470010891967636 391
46 46 450 M2 0.00018903975994528474 0.013749173064053152 94
47 47 214 M1 0.0026538296770931254 0.051515334387860913 524
48 48 138 M1 0.00054128336342239552 0.02326549727434158 343
49 49 15 E1 4.6625488334419338e-05 0.0068282859001669912 17
50 50 552 M2 0.00034470664691917222 0.018566277142151363 197
51 51 551 M2 0.019990617550671927 0.14138818037824777 749
52 52 499 M2 0.0018871979089660374 0.043441891176214199 500
53 53 501 M2 0.00092696316371989218 0.030446069758178842 443
54 54 14 E1 5.3188823271247567e-05 0.0072930667946514496 24
55 55 672 M2 0.0033489219244112948 0.057869870609940845 553
56 56 545 M2 0.00034360003795731747 0.018536451601029725 196
57 57 546 M2 0.00041987842261598864 0.02049093513278466 250
58 58 502 M2 0.019748371076152512 0.140528897655082 743
59 59 500 M2 0.0075675062570412406 0.086991414846760831 603
60 60 13 E1 5.920064205181896e-05 0.0076941953479112398 33
61 61 271 M1 0.033752355094131214 0.18371814035127618 799
62 62 812 M2 0.00018847108084601581 0.013728477003878319 93
63 63 610 M2 0.00055311226712895342 0.023518338953441277 352
64 64 10 E1 0.00052272797994020901 0.022863245175176006 332
65 65 604 M2 0.00047500162572860274 0.0217945320144435 301
66 66 460 M2 0.018443336435513706 0.13580624593704704 735
67 67 556 M2 0.0048077989930457917 0.069338293842910445 579
68 68 386 M1 0.017088220474905297 0.13072192040704306 714
69 69 603 M2 0.00025903853266542296 0.016094674046572766 132
70 70 829 E3 0.33091054365034384 0.5752482452388219 831
71 71 293 M1 0.0021083117247428689 0.045916355743273754 509
72 72 511 M2 0.00043641697249458244 0.020890595312115508 264
73 73 285 M1 0.0019091225240510429 0.043693506657752283 502
74 74 553 M2 0.0020360534849630102 0.045122649356648045 507
75 75 407 M1 0.00025747129970947507 0.016045912242981859 131
76 76 87 M1 0.00072770467515266416 0.026976001837793979 419
77 77 623 M2 0.00052622521147780192 0.022939599200461239 334
78 78 631 M2 0.0068351592647489376 0.082675022012388591 594
79 79 140 M1 0.014487067198477203 0.12036223327305456 668
80 80 9 E1 0.00045580939776166502 0.021349693153805863 278
81 81 605 M2 0.0017564429866659234 0.041909938996208568 492
82 82 507 M2 0.00045679117499624109 0.02137267355751828 280
83 83 475 M2 0.0024721067629312437 0.049720285225763175 521
84 84 391 M1 0.017706912816779493 0.13306732437672103 724
85 85 606 M2 0.00074623736055156502 0.027317345415533423 422
86 86 146 M1 0.016713179587178155 0.12927946312998889 710
87 87 292 M1 0.00045981917000085832 0.021443394554054595 282
88 88 392 M1 0.00073220344429013665 0.027059258014404914 420
89 89 156 M1 0.031378853836858366 0.17714077406644232 794
90 90 619 M2 0.00060166831943414577 0.024528928216172547 378
91 91 620 M2 0.0026643432090290827 0.051617276265113823 525
92 92 82 M1 0.000684582130544236 0.026164520453167799 406
93 93 385 M1 0.00081934758065537209 0.028624248123843742 433
94 94 441 M2 0.00056581794916484821 0.023786928115350419 359
95 95 442 M2 0.04382109741626803 0.20933489297359872 814
96 96 667 M2 0.00040652628821789128 0.020162497072979114 241
97 97 778 M2 0.00018989191751117248 0.013780127630438423 96
98 98 457 M2 0.0002996926221748861 0.017311632568157344 162
99 99 557 M2 0.0018658507413247154 0.04319549445630546 499
100 100 505 M2 0.00044939042683678399 0.021198830789380438 276
101 101 676 M2 0.00021026520640785636 0.014500524349410829 107
102 102 554 M2 0.0029618726951405258 0.054423089724312104 541
103 103 510 M2 0.00044905084703335751 0.021190819876384149 275
104 104 506 M2 0.00046310280140056089 0.02151982345189107 286
105 105 581 M2 0.00023744412697924018 0.01540922214062865 121
106 106 174 M1 0.0074847947599616781 0.086514708344660546 602
107 107 402 M1 0.00031594697605027695 0.017774897356954748 180
108 108 462 M2 0.00055735380135690988 0.02360834177482421 354
109 109 40 E2 6.8113149511629737e-05 0.0082530690965016001 35
110 110 429 M1 0.015875328530959527 0.12599733541214087 693
111 111 430 M1 0.0070226127101636216 0.083801030483900502 596
112 112 377 M1 0.00069484740065809401 0.026359958282556026 408
113 113 378 M1 0.0086462086268102919 0.092984991406195719 617
114 114 35 E2 7.5427387931074872e-05 0.0086848942383355981 41
115 115 39 E2 8.1020003962664093e-05 0.009001111262653301 48
116 116 428 M1 0.017490903407190957 0.13225317919502336 721
117 117 427 M1 0.016618085293724164 0.12891115271272754 706
118 118 384 M1 0.012310119908175708 0.11095097975311308 648
119 119 383 M1 0.017455400332699433 0.13211888711573161 719
120 120 36 E2 6.8596865465770792e-05 0.0082823224681106682 36
121 121 110 M1 0.020758916781127047 0.14407955018366433 757
122 122 12 E1 6.9892474698959368e-05 0.0083601719299880046 39
123 123 688 M2 0.00026837346561986295 0.016382108094499404 139
124 124 791 M2 0.000369221899278986 0.019215147651761254 217
125 125 206 M1 0.0027198722316118507 0.052152394303731163 528
126 126 685 M2 0.0023904920087330348 0.048892658024830629 519
127 127 208 M1 0.0199071815333281 0.14109281177057922 748
128 128 111 M1 0.00062478757843248325 0.02499575120760493 385
129 129 306 M1 0.0069174542694203246 0.083171234627245516 595
130 130 201 M1 0.011677905731356689 0.10806435920948539 640
131 131 684 M2 0.0017403622066580365 0.041717648623310934 490
132 132 203 M1 0.017243402233917137 0.13131413569725514 717
133 133 786 M2 0.00035476360809194059 0.018835169446860322 210
134 134 681 M2 0.0018433619953427416 0.042934391754661454 498
135 135 788 M2 0.012933012484643009 0.11372340341654838 653
136 136 107 M1 0.0008839642052454825 0.029731535534605044 439
137 137 513 M2 0.0027762928169506825 0.052690538210865549 530
138 138 485 M2 0.011119723762639169 0.10545010081853487 635
139 139 296 M1 0.012721609960512888 0.11279011464003788 652
140 140 240 M1 0.01599690049245852 0.12647885393400163 695
141 141 155 M1 0.0028685223277340492 0.053558587805636264 537
142 142 191 M1 0.0028905052241856811 0.053763419015029922 538
143 143 768 M2 0.00030457311911032163 0.017452023352904432 170
144 144 104 M1 0.017479611561691089 0.1322104820416713 720
145 145 97 M1 0.013047707862631052 0.11422656373467185 654
146 146 527 M2 0.00065168869499052703 0.025528194119258163 394
147 147 188 M1 0.014861646547688461 0.12190835306773881 677
148 148 154 M1 0.0006164955285073092 0.024829327991456176 383
149 149 23 E1 3.9972619970356021e-05 0.0063223903683935889 13
150 150 291 M1 0.0084300672296724107 0.091815397563112536 614
151 151 11 E1 7.7215348639535927e-05 0.0087872264474938809 43
152 152 835 E3 0.32604078209791837 0.57099980919254112 830
153 153 294 M1 0.0017394055013995747 0.041706180613903916 489
154 154 277 M1 0.00056479067615079596 0.023765325079846814 358
155 155 613 M2 0.023989073635416705 0.15488406514363157 774
156 156 101 M1 0.012236070700265842 0.11061677404564753 645
157 157 458 M2 0.00061062844415843193 0.024710897275461934 380
158 158 189 M1 0.014722254464771396 0.12133529768691136 675
159 159 709 M2 0.00059165992552061839 0.024324060629767767 376
160 160 477 M2 0.00035050057022898025 0.018721660455979332 205
161 161 106 M1 0.023002261741572397 0.15166496543886593 771
162 162 617 M2 0.022907431992346284 0.15135201350608549 770
163 163 290 M1 0.001033678248520123 0.03215086699484359 450
164 164 814 M2 0.0016562180855570735 0.040696659390631482 487
165 165 100 M1 0.016727095852599305 0.12933327434422784 711
166 166 714 M2 0.00025429342094371901 0.015946580227237408 129
167 167 276 M1 0.00064915991948066517 0.025478616906744862 392
168 168 745 M2 0.00044391121498230546 0.021069200625137761 271
169 169 594 M2 0.0046153435181502346 0.067936319580547147 573
170 170 351 M1 0.01710543919648698 0.13078776394023631 715
171 171 652 M2 0.029908752940269727 0.17294147258616058 792
172 172 423 M1 0.018380773389779351 0.13557571091378923 732
173 173 173 M1 0.0059574749915361725 0.077184681067788141 588
174 174 726 M2 0.00020632861831087251 0.014364143493813772 105
175 175 762 M2 0.033335249518320245 0.1825794334483494 797
176 176 130 M1 0.016633314660438357 0.12897020842209397 707
177 177 411 M1 0.016020898504662796 0.1265736880424316 696
178 178 767 M2 0.00051935104695466209 0.022789274822921902 331
179 179 723 M2 0.00030278039557035067 0.017400586069737729 167
180 180 343 M1 0.00038904787849960455 0.019724296654116836 225
181 181 418 M1 0.021247671693300156 0.14576581112627252 758
182 182 653 M2 0.0022776769015934823 0.047725013374471485 515
183 183 236 M1 0.016140807617720406 0.12704647817913098 698
184 184 599 M2 0.0030794500005072688 0.05549279232934011 548
185 185 751 M2 0.00031768728636563957 0.017823784288574621 181
186 186 838 E3 0.28344645556443482 0.53239689665176937 824
187 187 570 M2 0.00028406025233929983 0.016854087110825665 155
188 188 148 M1 0.00063443390123641558 0.025187971360084074 387
189 189 666 M2 0.00018957193141998159 0.013768512316876562 95
190 190 698 M2 0.00039796757023167031 0.019949124548001355 232
191 191 821 E3 0.35260388199592363 0.59380458232984668 836
192 192 414 M1 0.015818590846811361 0.1257719795773739 692
193 193 327 M1 0.015907678155747288 0.12612564432242671 694
194 194 839 E3 0.24423995597763623 0.49420639006151695 819
195 195 239 M1 0.021984955790338757 0.14827324704861211 762
196 196 520 M2 0.0028929663566000748 0.053786302685721717 539
197 197 149 M1 0.00030534901369108007 0.017474238572569623 171
198 198 836 E3 0.35697572677996714 0.5974744570104793 837
199 199 484 M2 0.00054563087990810045 0.023358743114904545 346
200 200 169 M1 0.0055808076520153524 0.07470480340657723 584
201 201 625 M2 0.00044135023223419246 0.021008337207741895 267
202 202 775 M2 0.00015051121341875094 0.012268301162701825 71
203 203 395 M1 0.0068294517192777878 0.082640496847960612 593
204 204 711 M2 0.035367715145192352 0.1880630616181507 802
205 205 522 M2 0.0005475572857542015 0.023399942003223033 348
206 206 374 M1 0.00034511738438045139 0.018577335233570271 199
207 207 582 M2 0.00050133114228070018 0.022390425236710004 317
208 208 670 M2 0.00026040348566420935 0.016137022205605634 133
209 209 671 M2 0.00041503090880094605 0.020372307400020894 246
210 210 579 M2 0.00048415115085078146 0.022003434978447829 309
211 211 371 M1 0.0013099672352906214 0.036193469511648389 473
212 212 717 M2 0.00058529278822392315 0.024192825139365663 372
213 213 706 M2 0.00034561748361166265 0.018590790290131904 200
214 214 398 M1 0.022692023119718886 0.15063871720019023 768
215 215 770 M2 0.00014248548099073083 0.011936728236444476 68
216 216 559 M2 0.0007052581806043861 0.02655669747171862 412
217 217 721 M2 0.00051798304245620388 0.022759240814583512 330
218 218 789 M2 0.026860880212698897 0.16389289250208167 785
219 219 129 M1 0.0092855218981433615 0.096361412910684133 623
220 220 132 M1 0.016371574508546639 0.12795145371798883 701
221 221 262 M1 0.0014730604542878777 0.038380469698635497 479
222 222 473 M2 0.000475138924803263 0.021797681638267473 302
223 223 766 M2 0.0081765611091750082 0.090424339141488938 611
224 224 563 M2 0.0032056793685631166 0.056618719241635238 551
225 225 566 M2 0.00213508105403007 0.046206937293333673 510
226 226 597 M2 0.0035836436082789516 0.059863541561445827 555
227 227 53 M1 0.00042166355898097183 0.020534448105098219 251
228 228 259 M1 0.00034814685329525691 0.018658693772481954 202
229 229 135 M1 0.0086496103228293746 0.093003281247649394 618
230 230 221 M1 0.00022933377233121471 0.015143770083146888 117
231 231 8 E1 4.6584602905882743e-05 0.006825291415454929 16
232 232 728 M2 0.0018424975879038031 0.042924323965600239 497
233 233 233 M1 0.00078916505426610147 0.028092081700473916 429
234 234 56 M1 0.01855871805538923 0.13623038594744283 736
235 235 650 M2 0.00052978030555771302 0.023016956913495604 338
236 236 116 M1 0.0074581088189856759 0.086360342860514833 600
237 237 247 M1 0.021731351966914583 0.14741557572697189 760
238 238 535 M2 0.00030843429505608651 0.017562297544913834 174
239 239 60 M1 0.016416917987411309 0.12812852136589772 702
240 240 436 M2 8.7683163315400233e-05 0.0093639288397232186 51
241 241 437 M2 0.00039421928096856288 0.019854956080751298 229
242 242 61 M1 0.00085808894690292035 0.029293155291004763 437
243 243 530 M2 0.0003405673930013352 0.018454468103994089 193
244 244 242 M1 0.00070240990957069456 0.026503016989971057 411
245 245 655 M2 0.0022143425151003489 0.047056800944181798 512
246 246 592 M2 0.026339884226617798 0.16229566915545773 783
247 247 49 M1 0.019560785023993138 0.13985987639059724 741
248 248 752 M2 0.0004282951559143347 0.020695293085973312 255
249 249 220 M1 0.0010440876339102582 0.032312344915067029 451
250 250 218 M1 0.00052750569174825367 0.02296749206483489 336
251 251 123 M1 0.012091911805642341 0.10996322933436586 643
252 252 633 M2 0.00051303937710730639 0.022650372560011157 327
253 253 773 M2 0.00014940488932297917 0.012223129277029642 70
254 254 52 M1 0.019997253985067954 0.14141164727513769 750
255 255 504 M2 0.025433924444130687 0.15948016943849377 781
256 256 749 M2 0.00047629297662145115 0.021824137477147891 303
257 257 331 M1 0.0048214984058980023 0.06943701034677402 580
258 258 708 M2 0.00050802810827988972 0.022539478882172271 322
259 259 380 M1 0.0023379446574429627 0.048352297333663093 516
260 260 772 M2 0.00019761229687352029 0.014057464098247603 98
261 261 640 M2 0.00049649188953908774 0.02228209796089874 314
262 262 57 M1 0.00057285956646267126 0.023934484879827082 362
263 263 512 M2 0.00053154727434411833 0.02305530902729604 340
264 264 186 M1 0.0026788429626836115 0.051757540152944009 526
265 265 109 M1 0.0013222227989488412 0.036362381645717888 474
266 266 598 M2 0.029770461411205668 0.17254118757909853 791
267 267 687 M2 0.00021762255335035143 0.01475203556633292 113
268 268 792 M2 0.036176783185659651 0.19020195368518078 803
269 269 205 M1 0.015649614233796814 0.12509841819062628 690
270 270 686 M2 0.00015709357103148967 0.012533697420613346 78
271 271 207 M1 0.012332869400418611 0.11105345289732603 649
272 272 112 M1 0.016214561152511627 0.12733640937497659 699
273 273 289 M1 0.00084484419479757334 0.029066203652998328 434
274 274 202 M1 0.001986332690327415 0.044568292432259675 506
275 275 683 M2 0.00015450504009431181 0.012430005635329045 75
276 276 332 M1 0.00029497823575072536 0.017174930443839515 159
277 277 785 M2 0.013771096479851704 0.11735031520985235 659
278 278 682 M2 0.0012905082044205743 0.035923644086041359 471
279 279 787 M2 0.00054429703575529858 0.023330174361870907 344
280 280 108 M1 0.014718510134803468 0.12131986702433969 674
281 281 514 M2 0.022723528043370009 0.15074325206578904 769
282 282 486 M2 0.00044215418541974563 0.021027462648159564 269
283 283 295 M1 0.00029905526631752722 0.017293214458784904 160
284 284 237 M1 0.017509250750658283 0.13232252548473478 722
285 285 158 M1 0.00053775857266280904 0.02318962208969368 342
286 286 192 M1 0.014371489029038254 0.11988114542762032 666
287 287 521 M2 0.00027659870715637396 0.016631256932546436 148
288 288 103 M1 0.0036761707883313324 0.060631433995340503 556
289 289 98 M1 0.00019880555635688071 0.014099842423122349 100
290 290 793 M2 0.00026654362684911889 0.016326163874257751 137
291 291 185 M1 0.015151180002771453 0.12309012959117174 684
292 292 153 M1 0.01715181987414318 0.13096495666453367 716
293 293 157 M1 0.00031269713161595275 0.017683244374716783 177
294 294 591 M2 0.0019490692838876932 0.044148264789091014 504
295 295 172 M1 0.00030455427385490572 0.017451483428491277 169
296 296 659 M2 0.010414728404686052 0.10205257666852931 632
297 297 816 M2 0.00013826757188960438 0.011758723225316785 66
298 298 278 M1 0.010480443079784647 0.10237403518365702 633
299 299 614 M2 0.00060689395309851087 0.024635217740026388 379
300 300 102 M1 0.0038575369567240827 0.062109073062831026 560
301 301 737 M2 0.0002491810089743773 0.015785468284925136 125
302 302 190 M1 0.0006913018982937345 0.026292620605290272 407
303 303 710 M2 0.00046287404244103219 0.021514507720164833 284
304 304 478 M2 0.0056955075508095558 0.075468586516573608 586
305 305 3 E1 5.416807716808155e-05 0.007359896546017583 26
306 306 537 M2 0.0011229278655520438 0.033510115868973712 460
307 307 734 M2 0.0282067077252715 0.16794852701131827 787
308 308 26 E2 7.795769583032279e-05 0.0088293655395120432 45
309 309 99 M1 0.0042383081104633907 0.065102289594632462 568
310 310 611 M2 0.00072435964486147135 0.026913930312413892 417
311 311 275 M1 0.0010507390019717522 0.032415104534333251 453
312 312 746 M2 0.00035313626291326976 0.018791920149715136 208
313 313 783 M2 0.00020380872971492611 0.014276159487583701 101
314 314 725 M2 0.00046178847659328971 0.021489264217122227 283
315 315 761 M2 0.00029149984591305897 0.0170733665664701 157
316 316 558 M2 0.004131351331360656 0.064275588922705768 566
317 317 593 M2 0.0035267813699348129 0.059386710381488662 554
318 318 352 M1 0.00020538384427264762 0.01433121921793982 103
319 319 651 M2 0.0038827721980221092 0.062311894514788337 561
320 320 424 M1 0.022542291934291536 0.15014090693176038 766
321 321 417 M1 0.0071826634468474693 0.084750595554529698 597
322 322 654 M2 0.00050757697385372111 0.02252946900958212 320
323 323 159 M1 0.0027965821138586917 0.052882720371201515 533
324 324 596 M2 0.00031294739477859095 0.017690319239024234 178
325 325 412 M1 0.00048219721012781117 0.021958989278375522 307
326 326 163 M1 0.00046814443654886269 0.021636645686170089 294
327 327 724 M2 0.0017412868221254986 0.041728728978073351 491
328 328 38 E2 3.7220933519996845e-05 0.0061008961243408204 12
329 329 476 M2 0.00026871145497451172 0.016392420656343335 141
330 330 701 M2 0.00027199421309909871 0.016492247060334097 143
331 331 337 M1 0.033157931540881626 0.18209319465834417 796
332 332 413 M1 0.00042634815102308245 0.020648199704165069 253
333 333 141 M1 0.010106040944229807 0.10052880653936865 629
334 334 823 E3 0.25659325565466057 0.50655034858803583 820
335 335 784 M2 0.00047099105578656897 0.021702328349432209 298
336 336 147 M1 0.014606660884494797 0.12085801952909371 670
337 337 150 M1 0.015080866803771839 0.1228041807259502 681
338 338 226 M1 0.00046732609681891563 0.021617726448887164 291
339 339 483 M2 0.00044202400406049723 0.021024366912240123 268
340 340 243 M1 0.022455227658760554 0.1498506845455187 765
341 341 764 M2 0.00035303810135410378 0.018789308165925209 207
342 342 584 M2 0.00022360832052600719 0.014953538729210795 115
343 343 319 M1 0.012108850357771081 0.1100402215454471 644
344 344 519 M2 0.00032696053632602705 0.018082050114022665 186
345 345 715 M2 0.00029943009173478996 0.017304048420378103 161
346 346 373 M1 0.00058221638800293662 0.024129160532495461 371
347 347 577 M2 0.00024707549722007563 0.015718635348530598 123
348 348 669 M2 0.047926261033117555 0.21892067292313341 816
349 349 316 M1 0.0015600755485792961 0.039497791692438909 483
350 350 776 M2 0.0020514179849143391 0.045292582007590815 508
351 351 396 M1 0.0009526501916267315 0.030865031858508286 444
352 352 712 M2 0.00051233774094635828 0.0226348788586632 326
353 353 705 M2 0.00054633039225638572 0.023373711563557588 347
354 354 397 M1 0.00034313653213726271 0.018523944831953659 195
355 355 769 M2 0.00011381520220704224 0.01066842079255605 58
356 356 813 M2 5.7098232765526134e-05 0.0075563372585880613 31
357 357 668 M2 0.0027946845319872906 0.052864775909742499 531
358 358 580 M2 0.0030479567178437195 0.055208302979205218 544
359 359 372 M1 0.0010510578255241521 0.032420021985250909 454
360 360 616 M2 0.0046610656853544978 0.068271997812825849 576
361 361 565 M2 0.00013613790748001216 0.011667815025959751 64
362 362 763 M2 0.00043076720821017445 0.020754932141786791 260
363 363 54 M1 0.0015483297052046783 0.039348820887094932 482
364 364 114 M1 0.00027783398714722833 0.016668352862452496 149
365 365 134 M1 0.014908856744917218 0.12210182940856053 680
366 366 222 M1 0.00022912385046544169 0.015136837531844017 116
367 367 748 M2 0.00044066096741574089 0.020991926243576146 265
368 368 727 M2 0.00027597826294639314 0.016612593504519189 147
369 369 722 M2 0.00023977941246910441 0.015484812316237623 122
370 370 790 M2 0.00051625500844743044 0.022721245750341915 329
371 371 595 M2 0.0027584052546012006 0.052520522223233848 529
372 372 131 M1 0.00098891751857673469 0.031447058981353644 446
373 373 261 M1 8.3867304342594815e-05 0.0091579093871142232 49
374 374 286 M1 0.022384905909746625 0.14961586115698638 764
375 375 765 M2 0.00035257588797879769 0.01877700423333812 206
376 376 564 M2 0.00017949691973594888 0.013397646052047683 92
377 377 438 M2 0.025526835343873636 0.15977119685310501 782
378 378 62 M1 0.0045482516718412429 0.067440727100478701 572
379 379 529 M2 0.00057258717580900727 0.023928793864484838 361
380 380 241 M1 0.014639380125392206 0.12099330611811633 672
381 381 264 M1 0.00085667336094702429 0.029268982916169538 436
382 382 544 M2 0.00019850772657871676 0.01408927700695521 99
383 383 50 M1 0.00087903086296204486 0.029648454647115165 438
384 384 232 M1 0.00067830702334297746 0.026044328045526102 405
385 385 234 M1 0.0012092471082575309 0.034774230519991824 469
386 386 55 M1 0.00054548250738896983 0.02335556694642564 345
387 387 362 M1 0.014772202094461969 0.12154094822100892 676
388 388 257 M1 0.00017260805922100607 0.013138038636760286 88
389 389 248 M1 0.0011536402769937726 0.03396528046393512 465
390 390 536 M2 0.00055236594659097582 0.023502466819271883 350
391 391 59 M1 0.0094273714207926945 0.097094651865036796 624
392 392 435 M2 0.0023450351680098765 0.048425563166677538 517
393 393 195 M1 0.0007175761638416419 0.026787612134000334 415
394 394 707 M2 0.011310802724658345 0.10635225773183353 638
395 395 575 M2 0.0027958222592974233 0.052875535546199656 532
396 396 771 M2 0.00014167106907599477 0.011902565650984446 67
397 397 639 M2 0.011169320629542324 0.10568500664494621 637
398 398 58 M1 0.00059227000386410261 0.024336598033909806 377
399 399 480 M2 0.00042856291528434366 0.02070176116383202 256
400 400 665 M2 0.019778961845394898 0.14063769709930157 744
401 401 219 M1 0.00021593678912103974 0.014694787821572646 110
402 402 217 M1 0.00011791204697988352 0.010858731370647471 59
403 403 495 M2 0.0030626082839767398 0.055340837398586043 545
404 404 634 M2 0.02469687083697357 0.1571523809459264 778
405 405 774 M2 0.00012848560021165662 0.011335148883524054 63
406 406 51 M1 0.0012033174756054046 0.034688866738557554 468
407 407 830 E3 0.34964049559850746 0.59130406357347776 835
408 408 750 M2 0.00033593092515208864 0.018328418512029036 191
409 409 661 M2 0.00063508431803339471 0.025200879310718401 388
410 410 693 M2 0.00016038333426038773 0.012664254192821136 81
411 411 86 M1 0.0005739933895257313 0.023958159143092177 366
412 412 560 M2 8.0638066473645906e-05 0.0089798700699757292 47
413 413 301 M1 0.008633890467272861 0.092918730443720871 616
414 414 45 E2 6.8663663629915279e-05 0.0082863540613417712 37
415 415 304 M1 0.0001752537025421781 0.013238342137223153 90
416 416 664 M2 0.00046854328936166628 0.0216458607904991 295
417 417 657 M2 0.00048473554272592792 0.022016710533727057 310
418 418 379 M1 0.016659148662119351 0.12907032448289324 708
419 419 795 M2 0.00039927728297496856 0.019981923905744627 234
420 420 300 M1 0.0014363338137410378 0.037898994890907568 477
421 421 193 M1 0.0043084418317513532 0.065638722045385317 569
422 422 83 M1 0.00076177576773481899 0.027600285645891766 425
423 423 692 M2 0.00014927754505746359 0.012217919015014938 69
424 424 660 M2 0.00046513639274872384 0.021567020952109352 289
425 425 779 M2 0.00016814510967372686 0.012967077915772961 86
426 426 182 M1 0.00016030541433848902 0.012661177446765724 80
427 427 607 M2 0.00030035046712261154 0.017330622237029216 165
428 428 94 M1 0.00021604513074446676 0.01469847375561377 111
429 429 642 M2 0.0011288561683186098 0.0335984548501655 461
430 430 602 M2 0.00015566784783081127 0.012476692183059229 76
431 431 806 M2 0.0055660390919544962 0.074605891804565255 583
432 432 800 M2 0.0002505636561481409 0.015829202637787566 127
433 433 298 M1 0.00042881991113211744 0.020707967334630345 257
434 434 803 M2 0.00058181705320354334 0.024120884171264189 370
435 435 187 M1 0.00041604130968864389 0.020397090716291966 247
436 436 777 M2 0.00046571641043261289 0.021580463628768795 290
437 437 91 M1 0.0067043709969685939 0.081880223478985409 592
438 438 810 M2 0.00015665694814813376 0.012516267340870191 77
439 439 179 M1 0.0078833595432335792 0.088788284943643214 608
440 440 782 M2 0.00016391307159542348 0.01280285404101068 84
441 441 533 M2 0.0005884059593586939 0.024257080602551783 374
442 442 747 M2 0.00031085594201133018 0.017631107225904167 176
443 443 260 M1 7.7832888567710293e-05 0.0088222949717015418 44
444 444 820 E3 0.21202408648226923 0.46046073283426592 818
445 445 165 M1 0.00066069482242154729 0.025703984563128481 399
446 446 677 M2 0.0030638142951755569 0.055351732539962624 546
447 447 288 M1 0.0028592705546518393 0.053472147466244888 536
448 448 95 M1 0.00081731706566691442 0.02858875767967042 432
449 449 90 M1 0.00058787905536921152 0.024246217341457852 373
450 450 281 M1 0.0015713310423275475 0.039640018192825636 485
451 451 538 M2 0.00043042122150218303 0.020746595419542529 259
452 452 162 M1 0.0031901893371628115 0.05648176110181774 550
453 453 618 M2 0.0046540626516386012 0.068220690788342225 575
454 454 439 M2 0.0026331432993582505 0.051314162756087627 523
455 455 586 M2 0.0021389999356368466 0.046249323623560663 511
456 456 171 M1 0.021798166478440441 0.14764202138429439 761
457 457 690 M2 0.026569372810641569 0.16300114358691342 784
458 458 754 M2 0.00036747056157898205 0.019169521683625339 214
459 459 121 M1 0.00040326738247019615 0.020081518430392561 238
460 460 139 M1 0.011500140301995599 0.10723870710706838 639
461 461 73 M1 0.00023199727712196433 0.015231456828615059 119
462 462 120 M1 0.0077376947454741805 0.087964167394878362 605
463 463 587 M2 0.010291219996609606 0.10144565045683135 630
464 464 229 M1 0.016239177138115783 0.12743303001230011 700
465 465 228 M1 0.00073697557543564885 0.027147294072073717 421
466 466 590 M2 0.002947615876358028 0.054291950382704325 540
467 467 113 M1 0.00076991946021761595 0.027747422586928968 426
468 468 80 M1 0.0039968880193366856 0.063220946049048377 563
469 469 256 M1 0.019077858002239687 0.13812261944460685 738
470 470 128 M1 0.00033485119504713165 0.018298939724670706 189
471 471 759 M2 0.00034026254090392704 0.018446206680613957 192
472 472 344 M1 0.019873945678330535 0.1409749824555071 747
473 473 359 M1 0.00048198133755838492 0.021954073370524772 306
474 474 729 M2 0.00010718476194084409 0.010353007386302982 57
475 475 251 M1 0.00076017854051731138 0.02757133548664829 424
476 476 249 M1 0.016585812951905889 0.12878591907466394 703
477 477 646 M2 0.0015257088476482322 0.03906032318924451 481
478 478 66 M1 0.0099632750927514946 0.099816206563621196 628
479 479 741 M2 0.00024727728530731863 0.015725052791877001 124
480 480 743 M2 0.00057389698225261026 0.02395614706609997 365
481 481 64 M1 0.020575522149569377 0.14344170296524431 754
482 482 740 M2 0.0002744910100554057 0.016567770219779294 146
483 483 636 M2 0.00062486807703149652 0.024997361401385879 386
484 484 643 M2 0.0010772283443890745 0.03282115696298768 456
485 485 738 M2 0.046241301805186256 0.21503790783298246 815
486 486 254 M1 0.0047450169640383712 0.06888408353196239 578
487 487 67 M1 0.017948115049924062 0.1339705753138504 727
488 488 647 M2 0.0001230994130260488 0.011095017486513882 61
489 489 209 M1 0.015513455755648397 0.12455302387195742 687
490 490 77 M1 0.00026447726850563889 0.016262757100370125 135
491 491 562 M2 0.00045600703941650551 0.021354321328867033 279
492 492 266 M1 0.011136737042438102 0.10553073979859187 636
493 493 481 M2 0.038386390341633811 0.19592445059673846 807
494 494 637 M2 0.00066203106777686224 0.025729964395172843 401
495 495 18 E1 1.8657827112963356e-05 0.0043194706982410888 6
496 496 216 M1 0.0078161750657442311 0.088409134515298984 607
497 497 211 M1 0.032057336710394173 0.17904562745399333 795
498 498 71 M1 0.018412790800399891 0.13569373898747095 733
499 499 516 M2 0.00412004710979546 0.064187593114210628 565
500 500 488 M2 0.00066026358095297466 0.025695594582592844 398
501 501 269 M1 0.013727288251244352 0.11716351074991033 658
502 502 567 M2 0.00039610994865812803 0.019902511114382727 231
503 503 76 M1 0.00026775360590570486 0.0163631783558606 138
504 504 718 M2 0.0003071141117761306 0.017524671516925234 173
505 505 757 M2 0.00041668327297013933 0.020412821288840484 248
506 506 674 M2 0.030382411375964195 0.17430551160523924 793
507 507 204 M1 0.019388217365395609 0.1392415791543446 740
508 508 733 M2 0.00017187178010767072 0.013109987799676655 87
509 509 630 M2 0.0037021594848195105 0.060845373569561642 557
510 510 370 M1 0.00052680824911723956 0.02295230378670602 335
511 511 834 E3 0.31260995856842838 0.55911533565842064 828
512 512 528 M2 0.00027809141760786355 0.016676073207079162 150
513 513 168 M1 0.00071508369622390105 0.026741048899097078 414
514 514 621 M2 0.043335541733966809 0.20817190428577725 812
515 515 375 M1 0.0022451184462176869 0.047382680867777908 514
516 516 627 M2 0.005321134072268619 0.072946103886832911 582
517 517 270 M1 0.00046812428352372722 0.021636179966059793 293
518 518 394 M1 0.024657262076353818 0.15702631014054244 777
519 519 303 M1 0.00029972749652680596 0.017312639790823522 163
520 520 756 M2 0.00038992570569128644 0.019746536549260642 226
521 521 448 M2 0.00056365141619885021 0.023741344026799539 357
522 522 574 M2 0.00029276236544290073 0.017110299981090357 158
523 523 421 M1 0.0066161480861275978 0.081339707929937874 590
524 524 115 M1 0.028412029746463494 0.16855868339086982 788
525 525 284 M1 0.0023703862516299854 0.048686612653069075 518
526 526 133 M1 0.012257040276309196 0.11071151826395119 646
527 527 223 M1 0.015099247392857033 0.12287899492125183 682
528 528 808 M2 0.00036576463361001805 0.019124974081290099 213
529 529 801 M2 0.00036034069972325173 0.018982642063823774 212
530 530 409 M1 0.00067058411413659146 0.025895638901880593 403
531 531 28 E2 4.7709041468466953e-05 0.0069071731894072954 18
532 532 361 M1 0.014281277883634095 0.11950430069095461 664
533 533 198 M1 0.0155589930246224 0.1247356926650203 688
534 534 420 M1 0.0095854750717821197 0.097905439439196232 626
535 535 571 M2 0.0028348468726871038 0.053243280070700977 535
536 536 679 M2 0.043518922464195246 0.20861189434975957 813
537 537 399 M1 0.0074592402031176267 0.086366892980572291 601
538 538 797 M2 0.00034238381541903343 0.018503616279501513 194
539 539 152 M1 0.00020538896916919041 0.014331398018657859 104
540 540 532 M2 0.00054923648575586081 0.023435794967439461 349
541 541 81 M1 0.01423645496441316 0.11931661646398276 663
542 542 517 M2 0.0024420988233373742 0.04941759629258969 520
543 543 416 M1 0.00069684278198455245 0.026397779868476676 410
544 544 408 M1 0.012290130525332829 0.11086086110676224 647
545 545 176 M1 0.00045128613353398586 0.021243496264362557 277
546 546 197 M1 0.016601812626017065 0.12884802142841412 705
547 547 312 M1 0.00021666590940874853 0.014719575721084781 112
548 548 828 E3 0.39026759915329362 0.62471401389219183 838
549 549 461 M2 0.0003503208171926678 0.018716859170081604 204
550 550 479 M2 0.0026969665625976584 0.051932326758943298 527
551 551 796 M2 0.00034783242545654739 0.018650266096132444 201
552 552 736 M2 8.6573144221196752e-05 0.0093044690456359058 50
553 553 302 M1 0.00024987051546000299 0.015807293109827595 126
554 554 88 M1 0.00072722957230436321 0.026967194372132287 418
555 555 25 E2 7.6835376392113582e-05 0.008765579067700752 42
556 556 663 M2 0.036802261152509612 0.19183915437811336 805
557 557 434 M2 0.041101014771741634 0.20273385206161706 811
558 558 694 M2 0.0040781816012343741 0.06386064203587663 564
559 559 85 M1 0.00058080713105029 0.024099940478148282 369
560 560 1 E1 2.5912523000439596e-05 0.005090434460872627 11
561 561 194 M1 0.014294998641884783 0.11956169387343415 665
562 562 37 E2 4.856791594222516e-05 0.0069690685132394242 20
563 563 691 M2 0.00016095517496628981 0.012686811063710605 82
564 564 323 M1 0.015378469075525279 0.12400995555004961 686
565 565 658 M2 0.00051033791569695026 0.02259065992167892 324
566 566 297 M1 0.0077888320431159421 0.088254359909955393 606
567 567 656 M2 0.014231329742681664 0.11929513712922947 662
568 568 299 M1 0.00088521928685744841 0.029752634956545419 440
569 569 166 M1 0.00071155249441470542 0.026674941319798726 413
570 570 160 M1 0.014869848055077566 0.12194198643239156 678
571 571 287 M1 0.027807746318097393 0.16675654805163542 786
572 572 96 M1 0.00010089731235757637 0.010044765420734144 55
573 573 534 M2 0.00028276499078833979 0.016815617466758092 153
574 574 4 E1 5.2324529713797839e-05 0.0072335696384148978 22
575 575 433 M2 0.00043333952593716045 0.020816808735662641 263
576 576 704 M2 0.00020988823245953302 0.014487519886424074 106
577 577 84 M1 0.00064944719774651691 0.025484253917792393 393
578 578 440 M2 7.9223428917503454e-05 0.0089007544015944767 46
579 579 585 M2 0.0099503583920444606 0.099751483157116322 627
580 580 818 E3 0.33248621233858405 0.57661617419092925 832
581 581 89 M1 0.020281938514164585 0.14241467099342184 752
582 582 282 M1 0.023345400730685216 0.15279201788930341 773
583 583 675 M2 0.015575714478046112 0.12480270220650717 689
584 584 161 M1 0.00057341116095271005 0.023946005114688966 363
585 585 641 M2 0.0028057806135095226 0.052969619722153215 534
586 586 16 E1 5.4778711302939194e-05 0.0074012641692442777 27
587 587 805 M2 0.00028826040399566622 0.016978233241290632 156
588 588 334 M1 0.0003948908413885823 0.01987186054169519 230
589 589 780 M2 0.00059092240367669832 0.024308895566781685 375
590 590 181 M1 0.0089401254576786313 0.094552236661427688 620
591 591 608 M2 0.0018079726952264826 0.042520262172598168 494
592 592 93 M1 0.018858811237090975 0.137327387061325 737
593 593 92 M1 0.00040636990993710175 0.020158618750725502 240
594 594 601 M2 0.0018196032047764186 0.042656807250149635 495
595 595 180 M1 0.0015646406700718591 0.039555539056772553 484
596 596 781 M2 0.00050455124672420433 0.02246221820578289 319
597 597 2 E1 5.6120031476395171e-05 0.0074913304209863266 30
598 598 459 M2 0.00053054274715186127 0.023033513565061264 339
599 599 196 M1 0.02067247026350312 0.14377924142066933 755
600 600 555 M2 0.00049713399573542269 0.022296501872164223 315
601 601 629 M2 0.00056316887255444792 0.023731179333409621 356
602 602 369 M1 0.00065622640211175913 0.025616916327141311 396
603 603 719 M2 0.00023507071710808541 0.015332016081001395 120
604 604 268 M1 0.033957838257885675 0.18427652660576624 800
605 605 758 M2 0.00037999063071132819 0.0194933483709528 223
606 606 673 M2 0.0029957130298607338 0.054733107255670529 543
607 607 124 M1 0.00050091028586999892 0.022381025130006869 316
608 608 730 M2 0.0018404625780606353 0.042900612793532862 496
609 609 731 M2 9.9828678009015163e-05 0.0099914302284014964 54
610 610 393 M1 0.000265169941278664 0.016284039464416193 136
611 611 720 M2 0.00047777832082690778 0.021858140836468865 304
612 612 755 M2 0.00036891838748582672 0.019207248305934579 216
613 613 167 M1 0.014151567330690208 0.11896036033355904 661
614 614 622 M2 0.0090502154851718891 0.095132620510379559 621
615 615 612 M2 0.040091940046524902 0.200229718190195 809
616 616 628 M2 0.0031238805834697143 0.055891686174866062 549
617 617 235 M1 0.022673041651321255 0.15057570073328982 767
618 618 518 M2 0.037796283935123146 0.1944126640296952 806
619 619 415 M1 0.013405422499033488 0.11578178828742233 656
620 620 170 M1 0.0080017793926974307 0.089452665654509322 609
621 621 400 M1 0.00065288624210664895 0.025551638736226859 395
622 622 449 M2 0.001324135680615921 0.036388675169837126 475
623 623 833 E3 0.39227450393351931 0.62631821299840806 839
624 624 531 M2 0.00027421123352622885 0.0165593246699927 145
625 625 105 M1 0.0018983257179278758 0.043569779870087429 501
626 626 576 M2 0.00035402906806605649 0.018815660181509881 209
627 627 799 M2 0.0004629802587805921 0.021516976060324836 285
628 628 735 M2 0.00019533115042227569 0.013976092101237587 97
629 629 175 M1 0.0005319834757441307 0.023064766977884919 341
630 630 401 M1 0.015654804144243764 0.12511915978076166 691
631 631 376 M1 0.0011476265394093558 0.033876637073495884 463
632 632 819 E3 0.29081322683706262 0.53927101427488444 826
633 633 283 M1 0.024575172729141025 0.15676470498534109 775
634 634 245 M1 0.005703496851994394 0.075521499270038289 587
635 635 224 M1 0.00052975549038459255 0.023016417844325659 337
636 636 807 M2 0.00039227658432187143 0.019805973450499004 227
637 637 543 M2 0.00040884880282742006 0.020220009961110803 245
638 638 573 M2 0.00042175610924414738 0.02053670151811501 252
639 639 422 M1 0.014011327244650231 0.11836945232892747 660
640 640 569 M2 0.00043114883549781152 0.020764123759451338 261
641 641 117 M1 0.0010971897264345511 0.03312385434146442 457
642 642 419 M1 0.01040179238565866 0.10198917778695277 631
643 643 572 M2 0.00040814454704328951 0.02020258763236258 243
644 644 680 M2 0.00025466681584827887 0.015958283612227189 130
645 645 802 M2 0.029112605407069461 0.17062416419449344 789
646 646 410 M1 0.014532315606228651 0.12055005436012317 669
647 647 63 M1 0.0091146554587554027 0.095470704714877869 622
648 648 346 M1 0.0072963121948254207 0.085418453479476089 598
649 649 811 M2 0.000173548355038453 0.013173775276603628 89
650 650 753 M2 0.00040039815458826721 0.020009951388953128 235
651 651 122 M1 0.003949422737864498 0.06284443283111478 562
652 652 624 M2 0.0030693726538698683 0.055401919225509404 547
653 653 74 M1 0.00040492621076103526 0.020122778405603815 239
654 654 230 M1 0.00057495684557332908 0.023978257767680478 368
655 655 588 M2 0.0048864727137698117 0.069903309748321735 581
656 656 600 M2 0.00043229708447164783 0.020791755204206494 262
657 657 649 M2 0.002233863418958041 0.047263764333345698 513
658 658 589 M2 0.0014820401280290104 0.038497274293500444 480
659 659 227 M1 0.00085612527308124306 0.029259618471218024 435
660 660 79 M1 0.00040827755525246599 0.020205879224930202 244
661 661 255 M1 0.0010147594031556962 0.031855288464487277 449
662 662 164 M1 0.00055769826272845967 0.023615635979758402 355
663 663 760 M2 0.00037420206476113739 0.019344303160391624 220
664 664 696 M2 0.00016306724098579962 0.012769778423520105 83
665 665 716 M2 0.00051070742839411174 0.02259883688144396 325
666 666 78 M1 0.00045718667203943782 0.021381923955515272 281
667 667 626 M2 0.0085443644081394567 0.092435731230620211 615
668 668 265 M1 0.0003490911654321337 0.018683981519797478 203
669 669 482 M2 0.00033554515050771206 0.018317891540996525 190
670 670 638 M2 0.035008109581460362 0.18710454185150172 801
671 671 65 M1 0.018413385541012441 0.13569593045118353 734
672 672 213 M1 0.00047218555098967844 0.021729830901083387 299
673 673 210 M1 0.020708965824093518 0.14390610071881427 756
674 674 72 M1 0.019834858253750563 0.14083628173787663 746
675 675 515 M2 0.00030170249026956013 0.017369585207182126 166
676 676 487 M2 0.00033280490008292868 0.018242941102873975 188
677 677 272 M1 0.024647428680951648 0.15699499571945486 776
678 678 568 M2 0.0011534657793589199 0.033962711601974893 464
679 679 75 M1 0.00032512688854098619 0.018031275288813771 184
680 680 215 M1 0.019822197022589881 0.14079132438680261 745
681 681 324 M1 0.00077739562236668353 0.027881815263118784 427
682 682 69 M1 0.00097179281866173256 0.031173591686902754 445
683 683 252 M1 0.017909784199672051 0.13382744187823381 726
684 684 250 M1 0.0007188362059526842 0.026811120938011603 416
685 685 645 M2 0.00064690572813545528 0.025434341511732819 389
686 686 804 M2 0.00032174622321964267 0.017937285837596576 182
687 687 742 M2 0.020521178961203878 0.14325215168088706 753
688 688 744 M2 0.00026368207659326141 0.016238290445526014 134
689 689 447 M2 0.0002839935914242065 0.01685210940577489 154
690 690 739 M2 0.00057438128726527017 0.023966253091905504 367
691 691 635 M2 0.038626185643521355 0.19653545645384538 808
692 692 644 M2 0.00016649202780653221 0.012903178980643965 85
693 693 127 M1 0.01203638517640265 0.10971046065167464 642
694 694 253 M1 0.0166792850361967 0.12914830636209171 709
695 695 68 M1 0.019097369812410121 0.13819323359850191 739
696 696 648 M2 0.00027958323606035824 0.016720742688659442 152
697 697 494 M2 0.0041831688798704188 0.064677421716317809 567
698 698 338 M1 0.0029733573454952316 0.054528500304842714 542
699 699 339 M1 0.00044702831348439705 0.021143044092192521 274
700 700 355 M1 0.0004019695460009264 0.020049178187669599 236
701 701 238 M1 0.0011043545859478574 0.033231830914769916 458
702 702 310 M1 0.0010471208053371532 0.032359246056377043 452
703 703 443 M2 0.00025075909577549493 0.015835374822702964 128
704 704 333 M1 0.00032399314884095547 0.017999809689020478 183
705 705 322 M1 0.01510151977408819 0.12288824099191993 683
706 706 509 M2 0.00044134792005855075 0.021008282177716261 266
707 707 42 E2 9.7915748121006903e-05 0.0098952386591232306 53
708 708 463 M2 0.00057361023144695568 0.023950161407534514 364
709 709 358 M1 0.00035861121308978735 0.0189370328480939 211
710 710 41 E2 0.00011907951600584099 0.010912356116157545 60
711 711 632 M2 0.0033165200035157197 0.05758923513570674 552
712 712 492 M2 0.0073188208488215384 0.085550107240269069 599
713 713 364 M1 0.014629380148739756 0.12095197455494373 671
714 714 348 M1 0.00041805008820184014 0.020446273210583881 249
715 715 345 M1 0.00047046324598446827 0.02169016472930688 297
716 716 24 E1 4.1364661274859908e-05 0.0064315364629969956 14
717 717 142 M1 0.001257905646653954 0.035466965568736693 470
718 718 824 E3 0.26483630656573026 0.51462248937034438 821
719 719 309 M1 0.0047431269634667008 0.068870363462571485 577
720 720 470 M2 0.00040778340728387345 0.020193647696339398 242
721 721 446 M2 0.016856729090321841 0.12983346675769633 712
722 722 308 M1 0.00031052552961216779 0.017621734580119171 175
723 723 307 M1 0.00075939204461451945 0.027557068868341559 423
724 724 244 M1 0.0011111891337565959 0.033334503652470905 459
725 725 367 M1 0.00066477935769127731 0.025783315490667164 402
726 726 350 M1 0.00080357283953749682 0.028347360362783285 431
727 727 349 M1 0.00050798281182139703 0.022538474034889695 321
728 728 20 E1 2.2764709471213902e-05 0.004771237729480046 9
729 729 347 M1 0.017054942294900989 0.13059457222603468 713
730 730 356 M1 0.02310581848625877 0.15200598174499177 772
731 731 353 M1 0.00027809569061733785 0.016676201324562434 151
732 732 200 M1 0.02504538165468484 0.15825732733331763 779
733 733 22 E1 1.5325003910462333e-05 0.0039147163256693755 4
734 734 336 M1 0.00042729386214256006 0.020671087589736542 254
735 735 335 M1 0.000463428438411631 0.021527388100083832 287
736 736 702 M2 0.00039252225308460321 0.019812174365389661 228
737 737 17 E1 1.8869684156054158e-05 0.0043439249712735779 8
738 738 330 M1 0.0037277792563746174 0.061055542388669497 558
739 739 329 M1 0.00021063933778406465 0.014513419231320532 109
740 740 21 E1 1.8766449059737938e-05 0.0043320259763461643 7
741 741 366 M1 0.011797052687626534 0.10861423795997711 641
742 742 125 M1 0.00038877988773100937 0.019717502066210348 224
743 743 357 M1 0.00064856923508292393 0.025467022501323627 390
744 744 119 M1 0.02225742923782463 0.14918923968512149 763
745 745 31 E2 6.1400690421609073e-05 0.0078358592650461176 34
746 746 70 M1 0.0080815667827495372 0.089897534909192792 610
747 747 578 M2 0.004360638802448579 0.066035133091776069 570
748 748 29 E2 7.3075154777964819e-05 0.0085484007146345697 40
749 749 525 M2 0.00030590419080824888 0.017490116946671595 172
750 750 445 M2 0.00066160462433530437 0.025721676157188986 400
751 752 523 M2 0.00052560962902896131 0.02292617781116079 333
752 753 526 M2 0.00049422934306206162 0.022231269488314463 313
753 754 832 E3 0.32054936213330976 0.56617078883788219 829
754 755 444 M2 0.00065929471176050193 0.025676734834485904 397
755 756 524 M2 0.00030415625270517843 0.017440076052161541 168
756 757 30 E2 4.7776753276996543e-05 0.0069120730086564145 19
757 758 47 E2 5.4924409914979508e-05 0.0074111004523606016 28
758 759 311 M1 0.00061641446713491866 0.024827695566341203 382
759 760 32 E2 5.3400216062400139e-05 0.0073075451461075587 25
760 761 48 E2 5.1274935887801092e-05 0.0071606519177935951 21
761 762 432 M1 0.016595603291710649 0.12882392360004663 704
762 763 431 M1 0.017416827605864275 0.13197282904395236 718
763 764 7 E1 5.3066851793320946e-05 0.0072846998423628231 23
764 765 549 M2 0.00049072408876965189 0.022152293081522102 311
765 766 703 M2 0.00044601824120916268 0.021119143950670979 273
766 767 822 E3 0.3395167093717486 0.58268062381698316 833
767 768 547 M2 0.040165536888053008 0.20041341494035025 810
768 769 550 M2 0.000344927154274632 0.018572214576475041 198
769 770 280 M1 0.00090649747717166116 0.030108096538500422 441
770 771 700 M2 0.00027378695726223051 0.016546508914639078 144
771 772 548 M2 0.00048412339564367503 0.022002804267721762 308
772 773 19 E1 2.2928002144322881e-05 0.0047883193444383885 10
773 774 426 M1 0.00069650390884455052 0.026391360496278903 409
774 775 425 M1 0.014885547820053203 0.12200634335989749 679
775 776 699 M2 0.00042978733448650126 0.020731312898282665 258
776 777 561 M2 0.001957512212883887 0.044243781629556563 505
777 778 406 M1 0.0095385462684722238 0.097665481458252296 625
778 779 405 M1 0.018079516177941103 0.1344600913949604 730
779 780 258 M1 0.00021037474247981923 0.014504300826989877 108
780 781 465 M2 0.00047042872942864412 0.021689369041736649 296
781 782 837 E3 0.27675900960611644 0.5260789005521096 823
782 783 794 M2 0.00046501875839930114 0.021564293598430279 288
783 784 471 M2 0.00032742494072077828 0.018094887143079347 187
784 785 466 M2 0.00037028765852336877 0.019242859936178115 218
785 786 468 M2 0.00037107343071758484 0.019263266356399293 219
786 787 827 E3 0.4009249784394493 0.63318636943592621 840
787 788 472 M2 0.00044394617797453059 0.021070030326853603 272
788 789 263 M1 0.012628443905593367 0.11237634940499432 651
789 790 404 M1 0.012351296027679363 0.11113638480569432 650
790 791 403 M1 0.00031312754012646554 0.017695410142928747 179
791 792 184 M1 0.0011431262914496536 0.033810150716162946 462
792 793 136 M1 0.013706642474733192 0.1170753709143524 657
793 794 542 M2 0.00050174984684509254 0.022399773365931464 318
794 795 540 M2 0.00015904765742899427 0.01261140981131746 79
795 796 496 M2 0.025164543707682768 0.15863336253034155 780
796 797 662 M2 0.00048177878664926936 0.021949459825910737 305
797 798 27 E2 5.5949131939286816e-05 0.0074799152361030678 29
798 799 145 M1 0.00026864733363468347 0.016390464716861553 140
799 800 328 M1 0.00049174605930644814 0.022175348008688572 312
800 801 354 M1 0.00046745767772902943 0.021620769591506901 292
801 802 151 M1 0.014686123948851678 0.1211863191488696 673
802 803 508 M2 0.00050803444602704731 0.022539619473874162 323
803 804 43 E2 1.6967302586243068e-05 0.0041191385733236833 5
804 805 489 M2 0.0011551134714208884 0.033986960314521926 466
805 806 541 M2 0.0009914533277844491 0.031487351869988196 447
806 807 539 M2 0.0019471227803896712 0.044126214208672729 503
807 808 491 M2 0.0024962250561973917 0.049962236301004298 522
808 809 454 M2 0.00020433488543783457 0.014294575385013525 102
809 810 474 M2 0.00013792085093333202 0.011743970833297059 65
810 811 831 E3 0.29916334903926645 0.54695826992492436 827
811 812 452 M2 0.02965880346513295 0.17221731464963955 790
812 813 274 M1 0.0077339983719182277 0.087943154207239055 604
813 814 388 M1 0.00036812379224944447 0.019186552380494118 215
814 815 387 M1 0.020195982124738034 0.1421125684967309 751
815 816 615 M2 0.00057073097867381178 0.023889976531462138 360
816 817 609 M2 0.0044517106770820061 0.066721141155423935 571
817 818 390 M1 0.017814643149348885 0.13347150688198919 725
818 819 389 M1 0.0012946395343232141 0.035981099681961004 472
819 820 279 M1 0.00091184105844303149 0.030196706085979502 442
820 821 453 M2 0.0014213033153806026 0.037700176596146107 476
821 822 464 M2 0.0046407410314967873 0.068122984605027304 574
822 823 825 E3 0.29033915634235768 0.53883128745680464 825
823 824 451 M2 0.001441126611488445 0.037962173429460608 478
824 825 498 M2 0.0081875582038737002 0.090485126976059996 612
825 826 490 M2 0.010706394533749681 0.10347170885681593 634
826 827 826 E3 0.058065713238283273 0.24096828263961062 817
827 828 798 M2 0.00040302900508819653 0.020075582310065045 237
828 829 44 E2 1.3416760888179543e-05 0.0036628896909652554 3
829 830 46 E2 6.9043118219363873e-05 0.0083092188693862125 38
830 831 246 M1 0.0007980264409003275 0.028249361778637187 430
831 832 6 E1 8.0802460685060158e-06 0.0028425773636800134 2
832 833 5 E1 2.1902040463969818e-06 0.0014799337979777953 1
833 834 382 M1 0.0056536767156016455 0.075190935062689868 585
834 835 381 M1 0.00047273464917060187 0.021742461893047023 300
835 836 267 M1 0.021610859581259731 0.14700632497025334 759
836 837 497 M2 0.0010075305263394999 0.031741621356501305 448
837 838 840 E3 0.27501774372323728 0.52442134178848721 822
838 839 493 M2 0.0016865750966626465 0.041067932705002898 488
839 840 503 M2 0.0015980290057334427 0.039975354979455063 486
840 841 697 M2 0.00023185271347999031 0.015226710527227813 118
