178
305
689
177
363
118
318
340
313
126
678
817
144
583
183
143
455
34
231
456
368
212
315
341
342
713
273
365
314
467
360
321
732
809
695
199
326
815
33
317
320
225
469
325
137
450
214
138
15
552
551
499
501
14
672
545
546
502
500
13
271
812
610
10
604
460
556
386
603
829
293
511
285
553
407
87
623
631
140
9
605
507
475
391
606
146
292
392
156
619
620
82
385
441
442
667
778
457
557
505
676
554
510
506
581
174
402
462
40
429
430
377
378
35
39
428
427
384
383
36
110
12
688
791
206
685
208
111
306
201
684
203
786
681
788
107
513
485
296
240
155
191
768
104
97
527
188
154
23
291
11
835
294
277
613
101
458
189
709
477
106
617
290
814
100
714
276
745
594
351
652
423
173
726
762
130
411
767
723
343
418
653
236
599
751
838
570
148
666
698
821
414
327
839
239
520
149
836
484
169
625
775
395
711
522
374
582
670
671
579
371
717
706
398
770
559
721
789
129
132
262
473
766
563
566
597
53
259
135
221
8
728
233
56
650
116
247
535
60
436
437
61
530
242
655
592
49
752
220
218
123
633
773
52
504
749
331
708
380
772
640
57
512
186
109
598
687
792
205
686
207
112
289
202
683
332
785
682
787
108
514
486
295
237
158
192
521
103
98
793
185
153
157
591
172
659
816
278
614
102
737
190
710
478
3
537
734
26
99
611
275
746
783
725
761
558
593
352
651
424
417
654
159
596
412
163
724
38
476
701
337
413
141
823
784
147
150
226
483
243
764
584
319
519
715
373
577
669
316
776
396
712
705
397
769
813
668
580
372
616
565
763
54
114
134
222
748
727
722
790
595
131
261
286
765
564
438
62
529
241
264
544
50
232
234
55
362
257
248
536
59
435
195
707
575
771
639
58
480
665
219
217
495
634
774
51
830
750
661
693
86
560
301
45
304
664
657
379
795
300
193
83
692
660
779
182
607
94
642
602
806
800
298
803
187
777
91
810
179
782
533
747
260
820
165
677
288
95
90
281
538
162
618
439
586
171
690
754
121
139
73
120
587
229
228
590
113
80
256
128
759
344
359
729
251
249
646
66
741
743
64
740
636
643
738
254
67
647
209
77
562
266
481
637
18
216
211
71
516
488
269
567
76
718
757
674
204
733
630
370
834
528
168
621
375
627
270
394
303
756
448
574
421
115
284
133
223
808
801
409
28
361
198
420
571
679
399
797
152
532
81
517
416
408
176
197
312
828
461
479
796
736
302
88
25
663
434
694
85
1
194
37
691
323
658
297
656
299
166
160
287
96
534
4
433
704
84
440
585
818
89
282
675
161
641
16
805
334
780
181
608
93
92
601
180
781
2
459
196
555
629
369
719
268
758
673
124
730
731
393
720
755
167
622
612
628
235
518
415
170
400
449
833
531
105
576
799
735
175
401
376
819
283
245
224
807
543
573
422
569
117
419
572
680
802
410
63
346
811
753
122
624
74
230
588
600
649
589
227
79
255
164
760
696
716
78
626
265
482
638
65
213
210
72
515
487
272
568
75
215
324
69
252
250
645
804
742
744
447
739
635
644
127
253
68
648
494
338
339
355
238
310
443
333
322
509
42
463
358
41
632
492
364
348
345
24
142
824
309
470
446
308
307
244
367
350
349
20
347
356
353
200
22
336
335
702
17
330
329
21
366
125
357
119
31
70
578
29
525
445
523
526
832
444
524
30
47
311
32
48
432
431
7
549
703
822
547
550
280
700
548
19
426
425
699
561
406
405
258
465
837
794
471
466
468
827
472
263
404
403
184
136
542
540
496
662
27
145
328
354
151
508
43
489
541
539
491
454
474
831
452
274
388
387
615
609
390
389
279
453
464
825
451
498
490
826
798
44
46
246
6
5
382
381
267
497
840
493
503
697
