-0.039197138738131458 0.028118825851938391 -0.026028662987491742 -0.014851379678293617 -0.79055648065062034 0.19741021494907762 0.27817232241167406 -0.50537005084446041 0.0026006824109891889 0.00076339617218202434 -0.0032723099377275321 0.0052664528639032584
0.0003927734136026889 0.023592480931907758 -0.032422360506924687 0.0058369210577315263 -0.031074944010982538 0.92617605964510108 -0.25475463455085395 0.27302932472519548 0.0011888616725657635 0.0090449628728988644 -0.0078635527897164895 0.00046868569112122453
0.017938221806389119 -0.020132010718481638 -0.041873495889632899 0.0032757631051574115 0.48623191361170842 0.19098558009349617 -0.23767151569105288 -0.81735693319662239 -0.004479402472560603 -0.0037324507427037518 0.0039743824044500354 -0.001392435541341872
0.0046786873369983242 0.026966531977987721 0.0077840782374356118 -0.034668251788341528 0.36786083944380965 0.25289485604953682 0.89350452282707593 0.016997666099761957 -0.00021461432381309235 -0.0032396082471123312 -0.004170305077563898 0.0066215963765765759
0.60383644723602126 -0.0063432064812950755 0.67488988935757699 -0.42089880581518258 -0.027823557892773593 0.027411870044718262 -0.021003261811479101 -0.026881304925853569 -0.0019957282302162853 -0.00099560667326083489 0.00048127890257770308 0.0038252947060164666
-0.57746715596902143 -0.015482696607579685 0.73469813619557345 0.35250169098167616 0.020490647581560217 0.031189099165974392 -0.005958186995617034 -0.027374499443156647 0.007086385697816929 0.0048988231559369943 -0.0011423711519373673 -0.00040781008152396091
0.098346398586000666 -0.98359788490756928 -0.010671080800014538 0.14019607534151168 -0.026658276393069207 0.030601238514837245 0.036838726951127262 0.0080464718604878159 0.0026462356377764153 -0.0016077945098146673 -0.0039739843592867495 0.00024094463906931918
-0.53880444292088081 -0.17249559738811646 -0.032518902420499554 -0.82306891686727934 0.018921148105606304 -0.0023163942689697547 -0.030949088807182019 0.010504511776864329 -0.00086979619403515041 0.0010010547965527731 -0.00057500717062430721 -0.0012101899215410312
-0.0069337521107464706 -0.0016719585119287319 0.0024880872469713114 0.0038435912062807927 -0.0038769009359863669 0.0051037207687543067 -0.0046507688507455023 0.005987611503831594 -0.55655248005917479 -0.54196471444199867 0.28807146955357277 0.55979283495320431
0.00017187778166941685 0.0013927409059590894 -0.0027666017013977025 -7.1252692101091418e-05 0.0051860230836489676 -0.0099372705177389158 -0.0058809092911358708 -0.003316997381411307 -0.0051160264841263519 0.37946482017719663 -0.62358937658549107 0.68332693913895426
-0.00087177692222656009 -0.0022758613246230343 0.0027105893094531539 0.0026471915963496781 -0.0023731696132845187 -0.002119824840935446 0.0053105417506308164 -0.00095295119113411109 -0.8205735955329736 0.45892588878740104 -0.077463444864337275 -0.33164120311864198
0.001371354083211755 -0.0032923518641355762 -0.0026571951911098231 -0.00057822033395284363 0.0012165758910979813 0.00074200977091589131 0.0024823449768608735 -4.8183716335927637e-05 0.12958352741875742 0.5929016191210007 0.72251445804759229 0.33108960594692666
