2.1902040463969818e-06
8.0802460685060158e-06
1.3416760888179543e-05
1.5325003910462333e-05
1.6967302586243068e-05
1.8657827112963356e-05
1.8766449059737938e-05
1.8869684156054158e-05
2.2764709471213902e-05
2.2928002144322881e-05
2.5912523000439596e-05
3.7220933519996845e-05
3.9972619970356021e-05
4.1364661274859908e-05
4.4760365913586498e-05
4.6584602905882743e-05
4.6625488334419338e-05
4.7709041468466953e-05
4.7776753276996543e-05
4.856791594222516e-05
5.1274935887801092e-05
5.2324529713797839e-05
5.3066851793320946e-05
5.3188823271247567e-05
5.3400216062400139e-05
5.416807716808155e-05
5.4778711302939194e-05
5.4924409914979508e-05
5.5949131939286816e-05
5.6120031476395171e-05
5.7098232765526134e-05
5.8341900713294174e-05
5.920064205181896e-05
6.1400690421609073e-05
6.8113149511629737e-05
6.8596865465770792e-05
6.8663663629915279e-05
6.9043118219363873e-05
6.9892474698959368e-05
7.3075154777964819e-05
7.5427387931074872e-05
7.6835376392113582e-05
7.7215348639535927e-05
7.7832888567710293e-05
7.795769583032279e-05
7.9223428917503454e-05
8.0638066473645906e-05
8.1020003962664093e-05
8.3867304342594815e-05
8.6573144221196752e-05
8.7683163315400233e-05
9.7289535565904203e-05
9.7915748121006903e-05
9.9828678009015163e-05
0.00010089731235757637
0.00010553887780500256
0.00010718476194084409
0.00011381520220704224
0.00011791204697988352
0.00011907951600584099
0.0001230994130260488
0.00012426495977952226
0.00012848560021165662
0.00013613790748001216
0.00013792085093333202
0.00013826757188960438
0.00014167106907599477
0.00014248548099073083
0.00014927754505746359
0.00014940488932297917
0.00015051121341875094
0.00015061633138510941
0.00015066075048849459
0.00015337160139262116
0.00015450504009431181
0.00015566784783081127
0.00015665694814813376
0.00015709357103148967
0.00015904765742899427
0.00016030541433848902
0.00016038333426038773
0.00016095517496628981
0.00016306724098579962
0.00016391307159542348
0.00016649202780653221
0.00016814510967372686
0.00017187178010767072
0.00017260805922100607
0.000173548355038453
0.0001752537025421781
0.00017602194802399611
0.00017949691973594888
0.00018847108084601581
0.00018903975994528474
0.00018957193141998159
0.00018989191751117248
0.00019533115042227569
0.00019761229687352029
0.00019850772657871676
0.00019880555635688071
0.00020380872971492611
0.00020433488543783457
0.00020538384427264762
0.00020538896916919041
0.00020632861831087251
0.00020988823245953302
0.00021026520640785636
0.00021037474247981923
0.00021063933778406465
0.00021593678912103974
0.00021604513074446676
0.00021666590940874853
0.00021762255335035143
0.00022131598868194521
0.00022360832052600719
0.00022912385046544169
0.00022933377233121471
0.00023185271347999031
0.00023199727712196433
0.00023507071710808541
0.00023744412697924018
0.00023977941246910441
0.00024707549722007563
0.00024727728530731863
0.0002491810089743773
0.00024987051546000299
0.0002505636561481409
0.00025075909577549493
0.00025429342094371901
0.00025466681584827887
0.00025747129970947507
0.00025903853266542296
0.00026040348566420935
0.00026368207659326141
0.00026447726850563889
0.000265169941278664
0.00026654362684911889
0.00026775360590570486
0.00026837346561986295
0.00026864733363468347
0.00026871145497451172
0.00027017785191017779
0.00027199421309909871
0.00027378695726223051
0.00027421123352622885
0.0002744910100554057
0.00027597826294639314
0.00027659870715637396
0.00027783398714722833
0.00027809141760786355
0.00027809569061733785
0.00027958323606035824
0.00028276499078833979
0.0002839935914242065
0.00028406025233929983
0.00028826040399566622
0.00029149984591305897
0.00029276236544290073
0.00029497823575072536
0.00029905526631752722
0.00029943009173478996
0.0002996926221748861
0.00029972749652680596
0.00029994671511052856
0.00030035046712261154
0.00030170249026956013
0.00030278039557035067
0.00030415625270517843
0.00030455427385490572
0.00030457311911032163
0.00030534901369108007
0.00030590419080824888
0.0003071141117761306
0.00030843429505608651
0.00031052552961216779
0.00031085594201133018
0.00031269713161595275
0.00031294739477859095
0.00031312754012646554
0.00031594697605027695
0.00031768728636563957
0.00032174622321964267
0.00032399314884095547
0.00032512688854098619
0.00032529096847920986
0.00032696053632602705
0.00032742494072077828
0.00033280490008292868
0.00033485119504713165
0.00033554515050771206
0.00033593092515208864
0.00034026254090392704
0.0003405673930013352
0.00034238381541903343
0.00034313653213726271
0.00034360003795731747
0.00034470664691917222
0.000344927154274632
0.00034511738438045139
0.00034561748361166265
0.00034783242545654739
0.00034814685329525691
0.0003490911654321337
0.0003503208171926678
0.00035050057022898025
0.00035257588797879769
0.00035303810135410378
0.00035313626291326976
0.00035402906806605649
0.00035476360809194059
0.00035861121308978735
0.00036034069972325173
0.00036576463361001805
0.00036747056157898205
0.00036812379224944447
0.00036891838748582672
0.000369221899278986
0.00037028765852336877
0.00037107343071758484
0.00037420206476113739
0.0003777345004787489
0.00037935894730087852
0.00037999063071132819
0.00038877988773100937
0.00038904787849960455
0.00038992570569128644
0.00039227658432187143
0.00039252225308460321
0.00039421928096856288
0.0003948908413885823
0.00039610994865812803
0.00039796757023167031
0.00039844877270373474
0.00039927728297496856
0.00040039815458826721
0.0004019695460009264
0.00040302900508819653
0.00040326738247019615
0.00040492621076103526
0.00040636990993710175
0.00040652628821789128
0.00040778340728387345
0.00040814454704328951
0.00040827755525246599
0.00040884880282742006
0.00041503090880094605
0.00041604130968864389
0.00041668327297013933
0.00041805008820184014
0.00041987842261598864
0.00042166355898097183
0.00042175610924414738
0.00042634815102308245
0.00042729386214256006
0.0004282951559143347
0.00042856291528434366
0.00042881991113211744
0.00042978733448650126
0.00043042122150218303
0.00043076720821017445
0.00043114883549781152
0.00043229708447164783
0.00043333952593716045
0.00043641697249458244
0.00044066096741574089
0.00044134792005855075
0.00044135023223419246
0.00044202400406049723
0.00044215418541974563
0.00044382124144170452
0.00044391121498230546
0.00044394617797453059
0.00044601824120916268
0.00044702831348439705
0.00044905084703335751
0.00044939042683678399
0.00045128613353398586
0.00045580939776166502
0.00045600703941650551
0.00045679117499624109
0.00045718667203943782
0.00045981917000085832
0.00046178847659328971
0.00046287404244103219
0.0004629802587805921
0.00046310280140056089
0.000463428438411631
0.00046501875839930114
0.00046513639274872384
0.00046571641043261289
0.00046732609681891563
0.00046745767772902943
0.00046812428352372722
0.00046814443654886269
0.00046854328936166628
0.00047042872942864412
0.00047046324598446827
0.00047099105578656897
0.00047218555098967844
0.00047273464917060187
0.00047500162572860274
0.000475138924803263
0.00047629297662145115
0.00047777832082690778
0.00048177878664926936
0.00048198133755838492
0.00048219721012781117
0.00048412339564367503
0.00048415115085078146
0.00048473554272592792
0.00049072408876965189
0.00049174605930644814
0.00049422934306206162
0.00049649188953908774
0.00049713399573542269
0.00050091028586999892
0.00050133114228070018
0.00050174984684509254
0.00050455124672420433
0.00050757697385372111
0.00050798281182139703
0.00050802810827988972
0.00050803444602704731
0.00051033791569695026
0.00051070742839411174
0.00051233774094635828
0.00051303937710730639
0.00051570375130609541
0.00051625500844743044
0.00051798304245620388
0.00051935104695466209
0.00052272797994020901
0.00052560962902896131
0.00052622521147780192
0.00052680824911723956
0.00052750569174825367
0.00052975549038459255
0.00052978030555771302
0.00053054274715186127
0.00053154727434411833
0.0005319834757441307
0.00053775857266280904
0.00054128336342239552
0.00054429703575529858
0.00054548250738896983
0.00054563087990810045
0.00054633039225638572
0.0005475572857542015
0.00054923648575586081
0.00055236594659097582
0.00055304334949067189
0.00055311226712895342
0.00055399566030239116
0.00055735380135690988
0.00055769826272845967
0.00056316887255444792
0.00056365141619885021
0.00056479067615079596
0.00056581794916484821
0.00057073097867381178
0.00057258717580900727
0.00057285956646267126
0.00057341116095271005
0.00057361023144695568
0.00057389698225261026
0.0005739933895257313
0.00057438128726527017
0.00057495684557332908
0.00058080713105029
0.00058181705320354334
0.00058221638800293662
0.00058529278822392315
0.00058787905536921152
0.0005884059593586939
0.00059092240367669832
0.00059165992552061839
0.00059227000386410261
0.00060166831943414577
0.00060689395309851087
0.00061062844415843193
0.0006146669868114683
0.00061641446713491866
0.0006164955285073092
0.00062287908592289836
0.00062478757843248325
0.00062486807703149652
0.00063443390123641558
0.00063508431803339471
0.00064690572813545528
0.00064856923508292393
0.00064872145483695011
0.00064915991948066517
0.00064944719774651691
0.00065168869499052703
0.00065288624210664895
0.00065622640211175913
0.00065929471176050193
0.00066026358095297466
0.00066069482242154729
0.00066160462433530437
0.00066203106777686224
0.00066477935769127731
0.00067058411413659146
0.00067794317906081736
0.00067830702334297746
0.000684582130544236
0.0006913018982937345
0.00069484740065809401
0.00069650390884455052
0.00069684278198455245
0.00070240990957069456
0.0007052581806043861
0.00071155249441470542
0.00071508369622390105
0.0007175761638416419
0.0007188362059526842
0.00072435964486147135
0.00072722957230436321
0.00072770467515266416
0.00073220344429013665
0.00073697557543564885
0.00074623736055156502
0.00075939204461451945
0.00076017854051731138
0.00076177576773481899
0.00076991946021761595
0.00077739562236668353
0.00077989810395212122
0.00078916505426610147
0.0007980264409003275
0.00080357283953749682
0.00081731706566691442
0.00081934758065537209
0.00084484419479757334
0.00085612527308124306
0.00085667336094702429
0.00085808894690292035
0.00087903086296204486
0.0008839642052454825
0.00088521928685744841
0.00090649747717166116
0.00091184105844303149
0.00092696316371989218
0.0009526501916267315
0.00097179281866173256
0.00098891751857673469
0.0009914533277844491
0.0010075305263394999
0.0010147594031556962
0.001033678248520123
0.0010440876339102582
0.0010471208053371532
0.0010507390019717522
0.0010510578255241521
0.001066783279790152
0.0010772283443890745
0.0010971897264345511
0.0011043545859478574
0.0011111891337565959
0.0011229278655520438
0.0011288561683186098
0.0011431262914496536
0.0011476265394093558
0.0011534657793589199
0.0011536402769937726
0.0011551134714208884
0.0011729531222211317
0.0012033174756054046
0.0012092471082575309
0.001257905646653954
0.0012905082044205743
0.0012946395343232141
0.0013099672352906214
0.0013222227989488412
0.001324135680615921
0.0014213033153806026
0.0014363338137410378
0.001441126611488445
0.0014730604542878777
0.0014820401280290104
0.0015257088476482322
0.0015483297052046783
0.0015600755485792961
0.0015646406700718591
0.0015713310423275475
0.0015980290057334427
0.0016562180855570735
0.0016865750966626465
0.0017394055013995747
0.0017403622066580365
0.0017412868221254986
0.0017564429866659234
0.0017616064131276625
0.0018079726952264826
0.0018196032047764186
0.0018404625780606353
0.0018424975879038031
0.0018433619953427416
0.0018658507413247154
0.0018871979089660374
0.0018983257179278758
0.0019091225240510429
0.0019471227803896712
0.0019490692838876932
0.001957512212883887
0.001986332690327415
0.0020360534849630102
0.0020514179849143391
0.0021083117247428689
0.00213508105403007
0.0021389999356368466
0.0022143425151003489
0.002233863418958041
0.0022451184462176869
0.0022776769015934823
0.0023379446574429627
0.0023450351680098765
0.0023703862516299854
0.0023904920087330348
0.0024420988233373742
0.0024721067629312437
0.0024962250561973917
0.0026331432993582505
0.0026538296770931254
0.0026643432090290827
0.0026788429626836115
0.0026969665625976584
0.0027198722316118507
0.0027584052546012006
0.0027762928169506825
0.0027946845319872906
0.0027958222592974233
0.0027965821138586917
0.0028057806135095226
0.0028348468726871038
0.0028592705546518393
0.0028685223277340492
0.0028905052241856811
0.0028929663566000748
0.002947615876358028
0.0029618726951405258
0.0029733573454952316
0.0029957130298607338
0.0030479567178437195
0.0030626082839767398
0.0030638142951755569
0.0030693726538698683
0.0030794500005072688
0.0031238805834697143
0.0031901893371628115
0.0032056793685631166
0.0033165200035157197
0.0033489219244112948
0.0035267813699348129
0.0035836436082789516
0.0036761707883313324
0.0037021594848195105
0.0037277792563746174
0.0038353046907549596
0.0038575369567240827
0.0038827721980221092
0.003949422737864498
0.0039968880193366856
0.0040781816012343741
0.00412004710979546
0.004131351331360656
0.0041831688798704188
0.0042383081104633907
0.0043084418317513532
0.004360638802448579
0.0044517106770820061
0.0045482516718412429
0.0046153435181502346
0.0046407410314967873
0.0046540626516386012
0.0046610656853544978
0.0047431269634667008
0.0047450169640383712
0.0048077989930457917
0.0048214984058980023
0.0048864727137698117
0.005321134072268619
0.0055660390919544962
0.0055808076520153524
0.0056536767156016455
0.0056955075508095558
0.005703496851994394
0.0059574749915361725
0.0064210247458616407
0.0066161480861275978
0.0066843965650188221
0.0067043709969685939
0.0068294517192777878
0.0068351592647489376
0.0069174542694203246
0.0070226127101636216
0.0071826634468474693
0.0072963121948254207
0.0073188208488215384
0.0074581088189856759
0.0074592402031176267
0.0074847947599616781
0.0075675062570412406
0.0077339983719182277
0.0077376947454741805
0.0077888320431159421
0.0078161750657442311
0.0078833595432335792
0.0080017793926974307
0.0080815667827495372
0.0081765611091750082
0.0081875582038737002
0.0084056398401600174
0.0084300672296724107
0.0085443644081394567
0.008633890467272861
0.0086462086268102919
0.0086496103228293746
0.0087529295706354465
0.0089401254576786313
0.0090502154851718891
0.0091146554587554027
0.0092855218981433615
0.0094273714207926945
0.0095385462684722238
0.0095854750717821197
0.0099503583920444606
0.0099632750927514946
0.010106040944229807
0.010291219996609606
0.01040179238565866
0.010414728404686052
0.010480443079784647
0.010706394533749681
0.011119723762639169
0.011136737042438102
0.011169320629542324
0.011310802724658345
0.011500140301995599
0.011677905731356689
0.011797052687626534
0.01203638517640265
0.012091911805642341
0.012108850357771081
0.012236070700265842
0.012257040276309196
0.012290130525332829
0.012310119908175708
0.012332869400418611
0.012351296027679363
0.012628443905593367
0.012721609960512888
0.012933012484643009
0.013047707862631052
0.013268664798305562
0.013405422499033488
0.013706642474733192
0.013727288251244352
0.013771096479851704
0.014011327244650231
0.014151567330690208
0.014231329742681664
0.01423645496441316
0.014281277883634095
0.014294998641884783
0.014371489029038254
0.014375682150697417
0.014487067198477203
0.014532315606228651
0.014606660884494797
0.014629380148739756
0.014639380125392206
0.014686123948851678
0.014718510134803468
0.014722254464771396
0.014772202094461969
0.014861646547688461
0.014869848055077566
0.014885547820053203
0.014908856744917218
0.015080866803771839
0.015099247392857033
0.01510151977408819
0.015151180002771453
0.015206813760994546
0.015378469075525279
0.015513455755648397
0.0155589930246224
0.015575714478046112
0.015649614233796814
0.015654804144243764
0.015818590846811361
0.015875328530959527
0.015907678155747288
0.01599690049245852
0.016020898504662796
0.016043042823572426
0.016140807617720406
0.016214561152511627
0.016239177138115783
0.016371574508546639
0.016416917987411309
0.016585812951905889
0.016595603291710649
0.016601812626017065
0.016618085293724164
0.016633314660438357
0.016659148662119351
0.0166792850361967
0.016713179587178155
0.016727095852599305
0.016856729090321841
0.017054942294900989
0.017088220474905297
0.01710543919648698
0.01715181987414318
0.017243402233917137
0.017416827605864275
0.017455400332699433
0.017479611561691089
0.017490903407190957
0.017509250750658283
0.017655167483552031
0.017706912816779493
0.017814643149348885
0.017909784199672051
0.017948115049924062
0.01798384992430092
0.018051502052547248
0.018079516177941103
0.018331567381656238
0.018380773389779351
0.018412790800399891
0.018413385541012441
0.018443336435513706
0.01855871805538923
0.018858811237090975
0.019077858002239687
0.019097369812410121
0.019388217365395609
0.019560785023993138
0.019654434793432436
0.019748371076152512
0.019778961845394898
0.019822197022589881
0.019834858253750563
0.019873945678330535
0.0199071815333281
0.019990617550671927
0.019997253985067954
0.020195982124738034
0.020281938514164585
0.020521178961203878
0.020575522149569377
0.02067247026350312
0.020708965824093518
0.020758916781127047
0.021247671693300156
0.021610859581259731
0.021731351966914583
0.021798166478440441
0.021984955790338757
0.02225742923782463
0.022384905909746625
0.022455227658760554
0.022542291934291536
0.022673041651321255
0.022692023119718886
0.022723528043370009
0.022907431992346284
0.023002261741572397
0.02310581848625877
0.023345400730685216
0.023989073635416705
0.024575172729141025
0.024647428680951648
0.024657262076353818
0.02469687083697357
0.02504538165468484
0.025164543707682768
0.025433924444130687
0.025526835343873636
0.026339884226617798
0.026569372810641569
0.026860880212698897
0.027807746318097393
0.0282067077252715
0.028412029746463494
0.029112605407069461
0.02965880346513295
0.029770461411205668
0.029908752940269727
0.030382411375964195
0.031378853836858366
0.032057336710394173
0.033157931540881626
0.033335249518320245
0.033469829970446688
0.033752355094131214
0.033957838257885675
0.035008109581460362
0.035367715145192352
0.036176783185659651
0.03625194087167273
0.036802261152509612
0.037796283935123146
0.038386390341633811
0.038626185643521355
0.040091940046524902
0.040165536888053008
0.041101014771741634
0.043335541733966809
0.043518922464195246
0.04382109741626803
0.046241301805186256
0.047926261033117555
0.058065713238283273
0.21202408648226923
0.24423995597763623
0.25659325565466057
0.26483630656573026
0.27501774372323728
0.27675900960611644
0.28344645556443482
0.29033915634235768
0.29081322683706262
0.29916334903926645
0.31260995856842838
0.32054936213330976
0.32604078209791837
0.33091054365034384
0.33248621233858405
0.3395167093717486
0.34030252419518564
0.34964049559850746
0.35260388199592363
0.35697572677996714
0.39026759915329362
0.39227450393351931
0.4009249784394493
